Accuracy: 0.8852459016393442
Precision: 0.8235294117647058
Recall: 0.9655172413793104
F1 Score: 0.8888888888888888
ROC-AUC: 0.9536637931034483