Accuracy: 0.8852459016393442
Precision: 0.8055555555555556
Recall: 1.0
F1 Score: 0.8923076923076924
ROC-AUC: 0.9536637931034483